outputs/dec_inter.tif
NCOLS 33
NROWS 78
XLLCORNER 32.67125
YLLCORNER -17.127083
DX 0.098282828
DY 0.099529914
NODATA_VALUE -9999
[rows 0 to 48 of 78, columns 0 to 32 of 33]
397.12787 377.84674 354.97891 328.69393 290.19316 201.61124 202.15253 249.9008 284.90195 319.66035 349.42821 373.54835 386.84223 391.4251 394.02406 397.55907 402.44027 408.3367 414.83591 421.61259 428.44117 435.17271 441.71103 447.99529 453.98838 459.66939 465.02872 470.06474 474.78146 479.18689 483.29181 487.10889 490.65196
395.51146 375.15401 351.43073 331.84303 356.59463 134.44264 144.10214 182.12441 240.87257 299.82733 339.75638 390.94352 402.80295 394.67749 390.56641 391.53896 395.87567 402.09418 409.24127 416.75321 424.30368 431.70365 438.84333 445.65978 452.11871 458.20415 463.91215 469.24684 474.21779 478.83819 483.1236 487.09098 490.75805
396.7345 376.43268 352.38674 329.19769 319.05093 226.18203 166.37058 36.329036 186.68424 281.25935 254.14215 517.79774 439.9049 398.30096 384.70231 383.37281 387.86545 394.97467 403.15916 411.66198 420.10101 428.27839 436.09054 443.48476 450.43756 456.94313 463.00677 468.64093 473.86254 478.69133 483.14859 487.25633 491.03668
400.68579 381.61988 358.39502 329.36737 284.69069 176.2934 153.32362 148.37299 150.08886 317.73302 408.34556 445.64953 448.19352 390.16221 371.19677 371.13048 377.71638 386.75644 396.55281 406.37412 415.89456 424.96536 433.51985 441.53268 449.00122 455.93611 462.35605 468.28457 473.74793 478.77375 483.39003 487.6245 491.5042
406.79672 390.01718 370.0262 345.41912 312.93496 273.23864 268.4487 265.10039 296.1842 411.04836 407.99686 367.15889 372.82915 345.30701 345.61088 353.7103 365.19257 377.47774 389.53612 401.01495 411.80189 421.86935 431.22266 439.88231 447.87701 455.24029 462.00832 468.21845 473.90806 479.1139 483.87151 488.21495 492.17656
414.17815 400.14626 384.49202 367.53829 351.56605 347.24691 394.88872 510.92834 410.7453 607.70125 394.11832 269.94834 235.29643 291.50789 310.30461 331.60786 350.80842 367.55801 382.4228 395.82116 408.00633 419.13565 429.31597 438.62875 447.14266 454.91934 462.01582 468.48537 474.37797 479.74037 484.61629 489.04646 493.06877
421.90608 410.39903 398.46916 387.07682 378.92413 381.30728 413.54861 455.0752 390.86991 383.39514 349.86092 283.26481 273.07808 185.65825 259.11401 306.39766 335.89863 357.81173 375.73249 391.14438 404.75726 416.94837 427.93991 437.88086 446.88384 455.04128 462.43278 469.12875 475.19237 480.68089 485.64638 490.13638 494.19435
429.28506 419.72075 410.32145 401.87488 395.83473 394.29255 397.18189 389.9709 332.41455 310.82246 327.43612 314.61748 249.03743 128.66917 207.60005 282.9029 322.46288 349.38774 370.1943 387.44708 402.35997 415.52068 427.2499 437.75519 447.18952 455.67481 463.31272 470.19042 476.38404 481.96101 486.98155 491.4998 495.56461
435.92892 427.69668 419.84124 412.8557 407.35634 403.72675 401.01571 395.44163 381.98562 370.56455 299.99712 336.33477 285.09241 167.71655 187.48747 262.49637 312.29387 344.12489 366.85554 385.27906 401.14264 415.07209 427.40187 438.3659 448.14489 456.88439 464.70485 471.70811 477.98184 483.60266 488.63823 493.14873 497.18797
441.69278 434.29112 427.33258 421.14944 416.09829 412.50171 410.91377 414.49876 442.62812 598.07119 519.54354 377.92697 320.4769 263.58056 156.18935 241.6617 312.5617 347.04862 366.98185 385.09622 401.37434 415.7899 428.53061 439.81132 449.82255 458.72424 466.64999 473.71259 480.00879 485.62273 490.62837 495.09117 499.06929
446.5716 439.60949 433.11505 427.3796 422.74169 419.6356 419.01039 424.52181 453.12063 564.62051 512.09236 392.47107 341.99322 292.08894 196.09771 155.91044 454.59219 360.9918 369.9033 386.85602 403.16803 417.78884 430.72668 442.15917 452.27289 461.23217 469.17659 476.22505 482.48019 488.03168 492.95847 497.33037 501.2092
450.631 443.78868 437.41923 431.84626 427.49662 424.89841 424.57005 426.81157 432.16485 437.17221 418.23742 384.4304 357.66846 330.2431 272.4208 141.59025 328.8665 356.56987 372.7787 390.21475 406.49812 421.09312 434.01822 445.43327 455.51538 464.42418 472.29754 479.25516 485.4024 490.83266 495.62878 499.86414 503.60355
453.97666 446.97247 440.41196 434.69601 430.47864 428.81107 430.93959 435.62569 432.51099 416.48686 396.69932 378.95967 369.71518 378.69482 560.18056 352.75403 331.8412 357.51729 377.45943 395.17571 411.26118 425.63136 438.35736 449.60191 459.53133 468.291 476.00869 482.80037 488.77228 494.02094 498.63278 502.68436 506.24301
456.74831 449.32405 442.2436 435.97101 431.44707 430.82239 439.47205 468.17818 472.05537 412.39756 387.51669 369.30933 369.21001 387.60091 443.65016 330.91176 348.3374 366.1578 384.02742 401.42748 417.22164 431.22016 443.59898 454.56298 464.25833 472.79784 480.29029 486.84712 492.57775 497.58395 501.95692 505.77665 509.11266
459.12326 451.05369 443.1246 435.75448 429.9058 428.22842 439.91228 511.60197 1048.4616 450.34508 365.36231 345.11181 352.48388 427.06756 388.56184 312.8963 346.59085 368.89413 389.97312 408.42982 424.04055 437.49547 449.43346 460.11518 469.58799 477.89087 485.113 491.3744 496.79928 501.50163 505.58046 509.12002 512.19173
461.31636 452.43897 443.40889 434.46068 426.12569 419.83985 419.96581 438.30739 435.19189 287.09286 299.44791 305.54965 259.75263 141.32319 287.79892 266.46105 305.93907 364.97642 396.18029 416.408 431.08069 443.53036 455.17994 465.91508 475.38314 483.51871 490.45062 496.35906 501.41149 505.74649 509.4751 512.68651 515.45332
463.56579 453.80857 443.59025 432.92855 421.77845 409.89105 396.3818 377.15351 332.55701 270.2816 276.46899 286.23033 203.18264 239.9486 158.22338 227.75699 285.71638 369.96913 407.75011 425.49288 435.38777 446.28752 459.34578 471.51268 481.56476 489.67988 496.2975 501.78014 506.383 510.28256 513.60416 516.4407 518.8642
466.10549 455.48369 444.16703 432.08456 418.93641 403.58152 382.39734 348.26203 300.2956 277.62093 287.63222 119.50282 311.11221 322.83186 325.68628 228.30101 300.80477 401.39893 429.57674 430.73961 420.81676 435.22443 459.54777 476.85519 488.33571 496.48365 502.67631 507.61459 511.67182 515.06253 517.92103 520.33914 522.3847
469.13846 457.71293 445.46628 432.454 418.78608 404.32433 384.88388 332.05617 200.82468 221.14707 308.88049 375.34883 437.57785 389.56724 351.21343 702.84002 501.47984 464.86278 462.73987 416.88611 284.17184 386.4119 457.63638 483.71977 496.39405 504.13483 509.60516 513.81678 517.21515 520.02325 522.36772 524.33006 525.96896
472.82871 460.65223 447.57435 433.89027 420.61484 411.68685 427.74924 406.88965 365.53029 248.61706 281.88873 337.09975 385.64323 549.27096 416.57063 566.38295 553.5477 530.60713 512.86547 442.09739 246.79494 391.45329 470.878 495.61952 506.47147 512.71537 517.01025 520.28545 522.9178 525.08255 526.87453 528.35414 529.56587
477.31571 464.40956 450.46112 435.87811 422.09637 413.92069 431.34142 427.29095 346.21342 238.13598 176.72602 266.63394 583.10171 222.36448 357.98321 410.41267 601.07193 631.87833 592.18138 534.70597 483.35207 483.98643 501.76897 512.31132 518.13676 521.88398 524.64579 526.84407 528.6497 530.14108 531.36269 532.34672 533.12082
482.73573 469.1113 454.19371 438.28402 422.66404 413.40731 418.09927 378.64582 240.39691 215.00182 244.83395 296.95076 292.08332 320.13294 419.84782 617.87873 976.29708 885.03491 698.47514 605.51115 556.66819 535.33345 529.41697 528.8577 529.70908 530.90095 532.1253 533.2638 534.26095 535.09193 535.75039 536.24167 536.57812
489.2294 474.92197 458.99185 441.48903 423.03309 407.36452 394.2505 339.9304 244.77344 190.22283 279.7157 271.98591 369.13592 451.55071 619.20749 821.07569 4033.3735 1178.889 765.13919 642.54746 587.09639 559.78958 547.05748 541.63748 539.59112 539.02285 539.06744 539.32634 539.61176 539.83582 539.96091 539.97586 539.88365
496.93543 482.0134 465.11099 445.97606 424.20495 398.83052 366.77289 320.74586 268.54939 242.10662 169.92344 229.26768 345.59486 479.61809 926.46746 774.26318 639.39452 807.52063 724.67789 639.39742 591.85686 567.34086 555.38608 549.72962 547.08687 545.84991 545.24291 544.88853 544.60217 544.29546 543.9298 543.493 542.98689
505.98762 490.54151 472.76464 452.19388 427.67562 394.73236 332.99203 312.47181 270.38208 271.68169 289.24663 247.13124 423.37842 528.00453 885.74189 1380.4894 777.25153 717.81857 662.64941 606.67916 572.94188 560.20743 555.81369 553.70314 552.37456 551.41563 550.63329 549.91239 549.18646 548.42228 547.60809 546.74512 545.84176
516.5264 500.65819 482.10606 460.42943 435.09018 403.89708 350.03307 248.46197 305.8721 388.62558 278.3333 254.5823 453.08707 531.13886 788.26366 889.37806 739.67442 663.95217 603.72736 528.72215 510.82691 537.31478 550.76108 555.21683 556.28665 556.09773 555.39583 554.4501 553.36596 552.19266 550.96011 549.69124 548.40574
528.71977 512.55879 493.26132 470.32289 444.48705 427.44278 474.13576 274.75613 262.11706 345.59044 346.65068 384.82248 487.24946 574.05523 554.82678 654.97308 647.67889 614.70146 543.93191 262.49189 340.75786 509.47267 546.53237 556.95275 559.99244 560.42145 559.76384 558.59535 557.16484 555.59535 553.95666 552.29363 550.63777
542.77294 526.55138 506.62352 481.80774 450.81641 417.58488 404.12574 275.74628 224.89269 330.42617 214.97298 401.37382 500.45836 539.36649 558.90701 592.63207 599.72772 586.62336 539.78619 401.71664 422.28258 519.74604 551.05128 561.22579 564.40413 564.79839 563.92562 562.42449 560.60021 558.61563 556.56632 554.51279 552.49535
558.89267 543.02528 523.03466 497.01277 460.31856 394.04025 138.99439 239.04842 272.97721 281.31189 332.17339 430.73919 532.79007 502.9586 544.43026 571.29254 579.47343 576.85397 561.76391 537.50176 533.8364 550.20014 562.36392 567.92926 569.65125 569.34032 567.94127 565.9541 563.65885 561.22205 558.74767 556.30294 553.9319
577.20844 562.23393 543.13959 518.16801 483.65137 430.84674 355.29551 289.29312 282.95388 209.67538 234.84713 435.97196 536.11501 454.22459 542.94332 570.27939 570.82388 573.61693 572.64952 568.84544 567.63449 570.45938 573.74011 575.36115 575.24727 573.8868 571.73774 569.13022 566.28768 563.35933 560.4445 557.60885 554.89489
597.72498 584.12285 566.68893 544.2365 515.16169 478.3013 436.84467 396.53659 304.87559 335.04294 411.95973 536.80026 557.39253 612.75037 666.98941 553.42375 557.13251 569.76437 577.34476 580.62805 581.96812 582.77786 583.02288 582.32978 580.64704 578.17114 575.16021 571.84316 568.39653 564.94763 561.58433 558.36473 555.32505
620.36873 608.45284 592.97421 572.98413 547.08492 512.57678 458.20173 413.84917 413.6417 524.28225 600.26733 616.17948 599.91385 583.35163 541.57626 437.55552 531.74411 564.05271 580.11544 587.8969 591.05996 591.63874 590.62934 588.48935 585.50781 581.94134 578.02317 573.94809 569.86612 565.88546 562.07953 558.49465 555.15685
645.08724 635.05192 621.61921 603.85958 579.97971 546.29147 536.10663 270.97712 572.82917 432.50775 658.10998 1067.2006 663.73548 583.48295 460.30812 325.03128 508.61564 559.53625 583.47269 594.56239 598.7883 599.12236 597.16215 593.81262 589.627 584.97743 580.13014 575.27752 570.55503 566.05356 561.82968 557.91434 554.31989
671.92584 663.91435 652.62694 637.3502 616.92334 589.83813 553.8571 478.10924 319.42138 543.84503 641.73116 751.67661 724.79464 644.0102 509.22681 385.47736 477.96627 558.04946 588.8568 601.92067 606.34976 605.98451 602.88177 598.24637 592.81599 587.05658 581.26812 575.64346 570.3033 565.31836 560.72456 556.53369 552.74115
701.08409 695.18478 686.02311 673.27523 656.75827 639.13755 652.73165 538.51462 439.95273 508.69206 630.96056 833.38935 1006.6208 760.52532 585.5923 414.3325 488.18842 563.65869 596.11455 610.033 613.91845 612.31176 607.71736 601.59566 594.82003 587.91543 581.19385 574.83472 568.93405 563.53511 558.64762 554.26013 550.34803
733.02165 729.24446 721.8529 710.93476 697.00543 680.92375 660.61606 514.9244 484.02453 475.03224 434.00911 638.01265 1743.519 867.38299 694.00928 598.37915 421.90095 556.46755 602.95712 618.32066 621.18977 617.80655 611.33027 603.49621 595.27981 587.22496 579.62251 572.61427 566.25547 560.5517 555.48029 551.0027 547.07206
768.68201 767.01566 760.52212 749.61946 735.63882 722.09309 728.66795 863.81761 936.48183 579.79416 432.83399 506.25336 1050.0217 883.05761 765.63572 646.05612 549.96809 559.76591 609.2593 626.42395 627.68614 621.90178 613.13743 603.39882 593.70913 584.57551 576.22193 568.72022 562.06509 556.21415 551.10746 546.67725 542.85343
809.90316 810.58174 803.34848 788.90506 768.43112 731.36401 667.44458 849.52036 860.62952 660.30349 630.80757 1070.5621 1111.3686 964.78991 850.19659 652.0042 279.06336 515.45424 615.94536 634.55395 632.75099 623.71099 612.26682 600.53241 589.46952 579.46544 570.61268 562.87181 556.15774 550.37439 545.42453 541.21246 537.64627
860.13765 864.50832 852.81228 828.00399 794.53815 753.30217 692.99775 748.75382 702.14422 623.739 677.17835 1053.213 1236.9693 1167.9612 1035.5487 710.66399 333.26546 546.96539 631.45076 642.54748 635.02791 621.79942 607.43342 593.82149 581.72362 571.2879 562.37473 554.78243 548.33779 542.90027 538.34558 534.5569 531.42461
925.44525 940.33122 907.84279 848.3712 791.2783 716.3407 773.02101 742.22556 357.65693 699.86219 770.66302 1467.6711 1394.9208 1306.0214 1301.4604 863.82779 581.12449 615.23075 649.77241 646.81946 631.67696 613.86752 596.71199 581.69045 569.32769 559.31084 551.06649 544.18194 538.43474 533.6861 529.81182 526.6864 524.18895
1012.4614 1073.3369 1005.0943 560.62596 679.6872 823.23662 780.13503 767.15115 803.17452 440.94238 851.80733 1020.5691 1818.3189 1256.49 1802.3488 665.06053 417.74603 632.18951 657.02717 640.5207 617.83106 596.41673 576.96123 561.43211 550.55346 542.66459 536.27633 530.84918 526.31582 522.65932 519.79869 517.61206 515.97372
1110.928 1276.854 1815.464 1520.9082 1003.3827 909.53494 818.71773 663.58585 900.1386 985.83336 1419.4856 1307.3617 1106.0031 1352.0636 1172.2617 766.15001 430.81612 652.75124 648.53935 611.11551 584.61619 564.51129 541.16482 526.52999 522.47768 520.47055 517.74907 514.63287 511.87369 509.77525 508.32146 507.39014 506.85668
1177.5815 1383.3183 1982.8606 1645.0243 1608.8843 984.66117 831.22246 770.21415 810.74267 913.83168 1188.2556 1360.1613 1830.8968 1633.7935 1246.1864 983.1921 607.27786 649.46003 611.60654 502.50951 513.71706 515.22931 456.8961 454.52917 480.97233 492.65076 495.5488 495.33997 494.94007 494.99564 495.44625 496.1389 496.97191
1198.649 1405.5667 1578.1657 1294.5253 1756.1507 1262.4198 1023.5059 988.84048 870.02533 810.9784 1162.8087 1079.4899 2185.1924 1912.3849 1256.8599 952.0009 559.30602 604.896 591.28052 152.0316 416.38789 472.77523 245.1404 361.8931 423.64521 462.6251 469.38578 472.15268 475.07407 478.28137 481.3318 484.07074 486.52705
1201.2024 1629.8206 2040.6855 652.62587 1233.5426 1465.6889 1078.5528 1149.5063 1029.4155 812.62035 1019.246 1402.5084 1375.1455 1889.4942 1322.3639 843.96047 800.43204 657.24324 636.19145 209.30401 412.09824 472.89535 439.99188 427.04764 427.24305 427.85754 434.45309 442.1782 451.2704 459.73709 466.34901 471.54028 475.81921
1133.9479 1324.1621 1374.2795 1553.4086 1198.2677 1415.7258 950.60029 437.93683 1817.945 939.35644 851.83298 680.51082 1238.5607 1250.5721 1461.6781 1113.4097 839.24266 767.57502 560.5399 482.6817 481.83043 475.00766 450.67282 424.13485 364.97343 324.29824 379.13833 395.17001 422.0111 440.31336 451.27304 459.06421 465.23277
1042.772 1108.9172 1157.0459 1244.0618 1174.1802 928.08577 801.34337 1258.5571 885.93919 789.77589 590.81443 579.47265 1159.6703 1270.4861 1149.6152 999.89976 839.11959 682.99009 439.33963 477.90159 479.61578 443.24614 390.42023 378.71062 306.1922 222.88592 296.08371 260.09409 393.15898 423.28785 437.12481 447.2026 455.21552
972.86115 1007.8312 1034.3503 1045.7712 1017.376 951.13954 898.02774 1123.9915 926.97898 806.80707 744.2768 645.26475 550.5895 941.39756 902.66987 808.22802 847.59575 680.44858 255.94189 378.19978 441.0332 362.36123 213.06646 313.56402 327.79035 204.75656 308.11316 328.80441 402.02722 410.38108 423.67098 436.38677 446.32016
920.09604 941.44523 956.17224 960.76781 954.17905 949.54589 993.06022 1061.8863 895.42364 760.66734 846.44735 686.59597 785.41942 631.30484 735.27264 536.0961 800.5806 571.92767 413.31751 374.68697 397.10034 302.10529 282.78505 281.71757 228.65786 331.39111 406.45934 395.25333 424.67194 383.04729 408.36196 427.65129 439.48253
